446,4,17,ligula,59
565,9,14,mauris,25
494,7,33,justo,9
725,12,44,nec nisi,1
674,10,7,ipsum,1
461,15,40,urna,39
664,9,12,nullam,22
419,3,29,nulla,13
8,9,11,sapien cum,4
198,17,23,auctor,32
244,14,30,euismod,41
138,1,9,at velit,35
327,17,24,et,6
873,11,8,vel pede,39
68,21,26,tortor,1
707,20,18,tortor,1
488,14,16,lectus,31
902,4,40,luctus,14
281,18,42,eu,13
898,23,53,montes,12
563,20,40,volutpat,6
566,13,1,augue a,36
953,23,19,integer,22
402,10,17,neque,40
252,6,53,ac nibh,28
783,8,46,habitasse,8
516,3,39,lacus,25
597,1,29,lorem,21
859,3,11,massa,7
35,15,22,augue,13
673,1,6,ante,20
72,14,41,amet,3
272,3,37,dictumst,42
953,15,51,non,5
669,8,25,morbi,58
370,5,29,dictumst,38
307,12,28,hac,57
529,23,19,auctor,43
717,19,7,luctus,23
886,21,41,in hac,36
266,12,58,et,43
94,11,12,at,53
217,9,39,turpis,5
769,1,38,mi sit,28
426,16,25,congue,47
212,7,7,amet,32
311,10,2,massa id,24
333,9,19,erat,50
664,13,48,aliquam,58
76,21,21,sem,49
487,1,49,interdum,24
54,7,23,magna,51
216,11,37,aenean,1
867,22,41,nunc,22
525,6,40,donec,44
407,1,44,a,1
787,6,46,maecenas,3
134,23,32,velit,30
447,4,24,vitae,38
137,21,37,id,29
722,3,24,nibh,22
834,23,4,ac,46
168,6,45,in,6
280,5,1,potenti,8
875,5,20,maecenas,27
724,7,8,elit,30
503,1,54,felis,1
285,14,24,sapien,30
293,8,11,pharetra,34
820,4,46,id,35
984,1,1,in tempor,13
491,19,41,amet,2
744,21,23,rutrum,30
471,9,13,vel,26
477,23,5,felis,27
484,16,49,donec,34
848,10,46,blandit,7
116,5,35,luctus,18
722,10,47,lorem,24
398,3,18,a,41
81,16,30,nisi,3
464,3,21,morbi,39
247,20,38,sapien,7
753,1,7,praesent,7
469,1,42,maecenas,28
239,17,6,nam dui,55
93,15,54,accumsan,46
625,4,10,vel pede,50
436,1,42,turpis,11
897,2,5,a,1
710,15,18,posuere,3
296,3,46,duis,1
127,5,51,eu,56
40,1,25,amet,25
830,8,56,lacus,26
309,19,54,luctus,29
955,1,20,cras,37
543,22,46,a,21
88,11,11,diam,25
867,21,18,semper,40
824,14,58,donec,13
484,10,52,sapien,6
43,21,12,donec,31
600,1,12,blandit,49
767,10,11,purus,34
987,5,17,accumsan,49
898,16,50,leo,8
528,4,28,posuere,58
683,2,48,sem,49
77,2,23,nec,46
454,2,32,dapibus,23
937,8,40,interdum,23
221,23,36,vitae,21
603,4,19,vivamus,13
143,14,21,in,41
697,7,51,mi,57
725,3,39,quam,40
852,14,42,eu,12
226,7,38,quisque,42
668,2,9,faucibus,27
426,22,37,sit,42
429,1,37,sed,10
984,15,58,nulla,21
903,8,1,aenean,18
782,20,12,congue,14
110,23,37,aliquam,48
641,4,42,ut,38
10,11,3,quis,38
972,13,33,dis,22
351,8,59,maecenas,56
26,12,36,ante,20
452,2,32,duis,52
138,12,29,congue,36
731,21,49,sapien,52
72,1,47,id luctus,37
593,12,37,id,25
176,22,42,ultrices,8
858,8,14,diam id,52
492,17,55,lacinia,48
938,21,23,non,12
981,21,5,vel nisl,12
644,15,25,augue,39
221,8,20,aenean,45
294,18,42,quis,58
395,17,43,sit,27
265,21,5,mauris,7
753,15,25,lacus,47
130,10,47,dolor,16
520,1,20,velit,25
933,15,31,pede,20
372,10,6,quisque,59
723,13,2,accumsan,39
159,18,37,ut,9
111,17,16,pede,53
858,7,56,magna at,12
449,20,36,in,36
6,6,45,ullamcorper,1
161,2,9,id,40
57,5,27,felis,4
51,20,47,ligula,1
559,14,14,ut odio,41
532,14,4,nam,20
612,11,14,et,15
952,5,26,sem,54
798,13,13,id,21
768,17,23,proin,10
162,2,22,lectus,20
312,23,39,sed,19
426,9,17,id,34
610,3,3,convallis,47
666,18,26,proin,6
767,15,15,aliquet,8
866,8,42,pulvinar,17
391,1,13,sed,6
734,22,12,cubilia,58
501,12,1,nisi,13
400,7,55,primis,42
624,8,53,lectus,44
912,15,30,cras in,47
616,14,34,nisl,1
12,8,37,nibh,23
784,12,39,platea,26
54,15,31,vel,12
686,16,28,mi,14
799,1,46,nam dui,15
98,19,9,lectus,36
743,3,55,mauris,22
303,4,12,elit,18
29,8,3,at,25
519,8,3,at,22
597,5,13,nisi,33
950,8,30,hac,51
183,1,53,morbi,51
833,6,26,eget,50
397,22,55,nonummy,39
718,20,16,non,12
130,21,1,pede,33
154,11,25,leo,21
509,4,1,aenean,41
167,23,29,ut,43
796,13,36,natoque,45
844,1,51,sit amet,27
737,19,13,mi,22
241,3,47,cubilia,16
472,21,19,natoque,26
120,22,33,tempus,11
397,11,1,nam dui,18
9,23,58,eu orci,56
477,18,7,mi in,47
98,20,44,platea,58
913,22,9,pulvinar,23
220,16,22,sem,9
632,1,12,sapien,51
820,15,20,at,46
356,14,27,aenean,50
318,22,53,ut erat,18
175,14,33,eros,3
360,2,35,orci,28
22,21,43,mattis,2
512,4,14,in,1
373,2,28,donec,36
985,2,29,tellus in,8
523,14,45,cubilia,56
423,9,52,eu,44
68,8,43,at,52
99,11,26,sit amet,31
971,8,25,elit,1
637,10,13,sapien,34
606,17,54,blandit,57
391,15,5,diam,6
843,22,43,at,21
729,4,10,ut odio,48
349,18,21,vivamus,52
441,19,49,tortor,56
356,12,19,ut,36
594,6,9,aenean,25
209,14,22,ut nunc,50
466,8,51,ac,26
409,1,52,nulla,45
677,21,58,odio in,48
713,1,7,vitae,40
666,13,33,gravida,36
956,8,19,quis,21
563,16,27,lorem,22
196,7,34,et,45
773,4,4,ac nibh,17
547,9,54,donec ut,19
285,6,1,mattis,32
352,10,52,sit,54
64,5,51,interdum,33
610,17,43,sapien,29
599,14,28,mi,30
533,15,8,ut,40
474,1,36,potenti,23
646,1,14,dapibus,55
987,21,20,hac,9
634,20,37,rhoncus,19
835,7,10,rutrum,52
464,8,14,quam,48
167,21,18,platea,4
438,21,6,neque,1
448,6,36,aliquam,59
3,16,48,tincidunt,29
284,9,55,ac,36
89,1,51,aenean,11
92,11,26,hac,24
175,12,3,turpis,27
101,21,34,nam,42
355,2,48,nisi eu,20
921,23,49,augue,10
294,19,5,orci,38
583,19,17,at,18
367,19,44,ante,7
651,13,31,rutrum,7
143,21,4,donec,32
541,21,33,cras,3
734,17,49,at lorem,7
804,11,54,dolor,38
57,4,14,sapien,17
206,8,29,ultrices,30
282,14,59,odio,28
106,1,12,vel,51
281,1,58,nonummy,8
491,18,54,leo,30
715,8,19,nec nisi,57
690,18,22,aliquet,59
488,4,18,amet,11
49,17,54,ante,38
509,9,57,sit,14
483,7,33,id,48
94,7,14,sit,52
462,22,26,sociis,28
52,13,52,suscipit,49
556,3,19,augue,42
274,18,37,vitae,44
444,20,9,dui vel,43
204,4,25,in hac,3
773,20,14,massa,47
525,16,45,amet,48
906,1,35,duis,28
34,8,22,vulputate,40
617,3,41,risus,1
880,2,12,nulla,8
840,11,33,nec,8
533,16,2,pede,13
662,3,8,aliquam,30
932,2,17,curae,3
396,17,1,ipsum,32
195,21,34,donec,30
74,9,42,sed,49
512,9,12,proin,30
789,23,1,in,25
361,20,6,suscipit,39
115,15,19,leo,54
424,4,11,vitae,55
746,16,1,rutrum,50
410,10,2,maecenas,34
700,6,54,platea,28
349,10,4,pede,51
7,9,25,ante ipsum,35
947,15,1,luctus,59
954,17,53,natoque,16
548,12,56,in,42
139,20,39,libero,29
912,1,38,a,19
57,3,53,diam erat,47
62,13,5,sed,39
380,21,23,nibh in,8
995,9,1,ornare,15
333,8,31,sed,11
662,11,3,velit id,18
541,20,6,interdum,59
563,17,31,orci,34
696,2,2,nulla,6
574,2,17,mi,17
243,17,59,ut at,27
261,5,44,massa,9
11,8,25,ut,1
581,14,43,lacinia,32
271,9,1,pede,54
590,14,24,est,44
416,19,42,et,39
138,20,51,ut erat,19
55,6,56,sodales,28
786,20,19,ut,21
864,22,48,montes,8
910,1,26,imperdiet,1
942,15,33,vel,41
129,22,20,amet,36
676,15,23,elit,59
469,12,54,non,48
164,4,57,ante,38
338,1,47,ut nunc,40
20,19,14,in felis,44
473,20,12,nisi,36
926,14,8,dui,1
423,16,18,sapien,34
930,13,10,ut,3
940,22,50,odio,19
360,9,34,nulla,53
176,9,47,cras,27
526,19,16,nulla,17
888,22,16,dolor,47
782,7,22,donec,28
918,21,12,ipsum,15
81,1,57,eu nibh,26
433,19,52,eu felis,1
591,12,9,turpis,13
548,11,29,aliquam,7
737,3,31,turpis,11
943,9,33,quis,14
359,3,44,urna,21
480,1,10,nullam,6
29,2,52,ac,17
167,5,48,vel,54
849,21,21,amet,32
686,20,42,nisl,2
568,19,14,tortor,1
500,7,58,duis at,37
993,20,13,proin,51
701,12,2,ac neque,42
931,1,58,quis,42
635,6,7,nec nisi,3
238,14,19,tellus,38
554,12,34,nonummy,9
999,7,54,nisi,31
885,12,50,lacus,7
712,22,19,augue,49
692,19,26,eget,15
171,4,23,ante,16
771,16,29,non,4
951,9,15,lobortis,57
558,16,39,duis at,50
646,23,4,amet,39
93,17,31,egestas,25
47,14,53,quam,21
118,14,23,tortor,39
191,23,4,felis eu,36
743,20,23,varius,50
592,14,54,tempor,27
989,4,47,quisque,27
665,16,2,ac,27
940,4,39,sed,33
833,21,30,dui vel,12
710,21,3,nunc,35
211,3,49,sapien,54
845,15,55,ac,20
250,19,3,rutrum,39
796,14,5,risus,39
554,5,44,quisque,52
26,9,41,platea,6
217,21,36,id,10
668,22,38,duis ac,28
298,5,29,dis,22
897,5,19,rutrum at,1
848,3,52,gravida,36
869,19,35,ut,4
438,10,47,quam,52
334,17,19,nibh,33
93,16,58,purus eu,31
730,7,17,in hac,49
562,9,32,ipsum,36
769,6,3,arcu,9
790,13,35,quis,28
253,7,21,dictumst,41
636,7,40,in,58
235,11,51,quam,9
570,2,53,interdum,18
154,23,6,magna,12
354,4,59,amet,27
466,22,48,quam,7
153,21,30,ut at,2
402,1,5,in,25
914,3,54,volutpat,38
168,15,9,quis,23
492,13,13,aenean,38
952,1,56,leo,17
107,6,38,luctus et,3
627,8,43,at,46
395,19,12,dis,41
629,23,28,eu,19
471,17,48,ut,44
369,9,5,cursus,29
236,22,18,fusce,55
553,3,16,nec,3
582,17,26,integer,17
648,22,3,sed,37
232,14,38,platea,7
107,18,1,vel,38
230,14,2,odio,51
460,1,2,sapien,43
349,18,12,sapien,29
895,14,28,sit,58
997,7,14,duis,1
10,1,21,bibendum,48
97,10,50,a ipsum,24
951,4,12,eu nibh,32
586,1,32,ipsum,10
907,9,27,et,46
821,1,40,erat,3
435,4,36,vel,14
355,1,30,ante,52
415,22,30,sociis,4
440,21,53,in hac,14
218,1,9,vulputate,51
27,3,43,lectus,2
880,10,44,semper,41
548,8,23,nulla,40
672,4,22,purus eu,36
150,21,56,massa,26
76,20,12,eu,57
352,10,12,ac diam,6
864,5,30,pede,16
240,16,34,sit amet,1
696,3,11,in,11
520,5,48,morbi ut,43
824,21,50,vivamus,34
137,14,13,sed,53
625,8,58,pretium,58
605,5,59,orci,4
449,8,45,cras non,37
629,17,1,non,24
303,6,28,duis,21
871,6,5,odio,14
800,18,29,amet,13
749,9,14,sed nisl,33
856,7,40,accumsan,28
908,13,15,felis,52
254,2,31,amet,50
840,6,40,ac,12
979,1,59,donec,6
890,5,20,vel nisl,58
273,18,56,ante,47
330,6,53,sociis,5
838,2,36,eget,2
379,9,32,at,37
752,14,9,nisl,9
842,8,28,nullam,59
47,13,18,ipsum,25
320,5,20,mauris,34
798,9,12,amet,4
770,14,1,ligula,22
946,10,55,sem,40
953,19,12,ac,8
363,16,39,lorem,33
121,10,25,blandit,57
923,1,29,lectus,56
929,3,49,id,22
24,4,26,ac,32
562,9,1,ante,52
238,18,15,morbi,41
665,1,15,aliquam,22
882,1,23,eget,28
72,22,13,semper,20
170,23,58,et,50
183,4,58,integer a,2
313,2,54,fusce,58
128,5,32,volutpat,34
757,5,5,phasellus,7
927,22,35,luctus,9
470,11,19,metus,15
55,20,57,magna,9
129,7,53,mattis,27
688,5,58,eu,19
792,8,42,magna at,12
975,16,52,est,6
144,11,48,enim in,4
961,13,31,curae,12
519,5,23,mi,34
234,9,23,primis,20
208,8,24,amet,42
64,17,2,augue,9
337,21,4,lacus,2
92,7,57,eu felis,44